paul,      16,      3,      202405170252
paul,      16,      3,      202405170252
paul,     6,     1,     202405170253
paul,      16,      3,      202405170252
paul,      16,      3,      202405170252
paul,     6,     1,     202405170253
paul,    6,    1,    202405170321
wqert,   7,   1,   202405170326
wqert,   23,   4,   202405170326
wqert,   10,   2,   202405170327
wqert,   5,   1,   202405170327
wqert,   6,   1,   202405170327
wqert,   30,   6,   202405170327
news,  5,  1,  202405171500
awds, 5, 1, 202405171510
awds, 5, 1, 202405171510
awds, 11, 2, 202405171510
